// IA config
// speed diff :  turbo / max / mid / min / global
// error factor : 8 7 6 5 4 3 2 1
// error add : wall / ext / vib / collide car / crash / return speed
// ia turbo : max_number_use / max_turbo_level / min_time_between_turbo (seconds)

[IA0]
-25 20 5 -8 0
2048 1536 1024 768 512 256 128 96
128 8 8 64 768 22
3 1 10

[IA1]
-25 22 8 -6 0
1920 1536 1024 768 512 256 128 96
192 10 8 64 768 20
3 1 10

[IA2]
-20 24 12 -4 0
1792 1536 1024 768 512 256 128 64
256 11 8 72 768 18
3 1 10

[IA3]
-15 26 14 -2 0
1792 1344 896 672 448 224 112 56
256 12 8 72 768 16
3 1 10

[IA4]
-15 28 16 -2 0
1664 1248 832 624 416 208 104 52
256 12 8 72 768 14
3 1 10

[IA5]
-10 28 18 -2 0
1536 1152 768 576 384 192 96 48
256 14 8 72 768 14
3 1 10

[IA6]
-10 29 19 -2 0
1408 1056 704 528 352 176 88 44
256 14 8 72 768 12
3 1 10

[IA7]
-10 30 20 -2 0
1280 960 640 480 320 160 80 40
256 16 10 72 768 12
3 1 10

[IA8]
-5 100 25 -5 0
1024 768 512 384 128 96 48 32
8 22 0 128 1024 2
3 1 10

// WARNING NOT USED !!! :

[IA9]
-5 100 50 10 0
1024 768 512 384 128 96 48 32
32 22 0 72 2048 2
3 1 10
