[ARCADE]
"Urban"				23,22,26
"4*4 SUV"				32,48,33,34
"Tuner Cars"			24,19,25,20,21
"Muscle Cars"			17,16,18,51
"Motorcycles"			43,35,36,37,45,39
"Luxury Sedans"		27,28
"Speedy Roadsters"		9,8,46
"Super Sport Cars"		7,10,2,1,50
"Extreme Racing Cars"	11,6,3,47
"Police Cars"			12,49,38
"Demo Cars"			34,32,22,19,25,17,16,36,45,46,11,3,6
[END]

// epreuve			Param1		param2		param3			param4			Param5			 BOOST 
// Normal race		1	nb laps		traffic on/off	niveau difficulté	nb participants		prime 1ère place/tour	 ON 
// Duel			2	nb laps		traffic on/off	niveau difficulté	somme donnée		somme gagnée		 ON 
// Golden_wheels	3	nb laps		traffic on/off	niveau difficulté	nb participants		bonus 1er à la fin	 ON 
// Radar		4	section depart	section fin	vitesse départ		vitesse arrivée		price			 OFF


// Normal race = Finir la course, on reçoit un nombre de points dépendants de notre position d'arrivée.

// Duel = Système de jauge à la Tokyo Highway (Faut lui mettre un certain nombre de section dans le pif) si on dépasse le nombre de tours, 
// c'est comme si on avait perdu. Et on nous débite la somme mise en jeu.

// Golden wheels = Doubler un adversaire avant le prochain checkpoint. A chaque passage de checkpoint, le dernier est éliminé.

// Radar = arriver à la vitesse donnée à la section de fin.

[CATEGORY]
1 "SLR"				6
2 "Traction"			22,23,26
3 "Propulsion"			3,4,5,6,7,8,9,10,11,13,15,16,17,18,19,21,24,27,28,30,50,51
4 "4X4"				20,25,34
5 "4L"				22,25,26
6 "V6"				7,19,20,23,24
7 "V8"				3,4,6,9,13,15,16,17,18,21,27,31,32,33,34
8 "V10"				2,10,11,30
9 "V12"				1,5,8,28,46,47,48,50,51
10 "Low Revs"			15,17,18,26,31
11 "High Revs"			2,36,45,39,43
12 "Low Displacement"	20,22,23,25,26
13 "High Displacement"	13,17,18,30,31
14 "Low Torque"		19,22,23,24,26
15 "High Torque"		3,6,8,11,28,30
16 "<300 HP"			17,19,20,22,23,24,25,26,31
17 "300-500 HP"		4,7,9,13,15,16,18,27,32,34,48,50,51
18 ">500 HP"			1,2,3,5,6,8,10,11,21,28,30,46,47
19 "Coastal Battle"		15,24,34
20 "Late Night"		18,19,25,27
21 "Asia"				35,20,34
22 "Europe"			7,28,36,43
23 "Rural"			27,35,37,40,41
24 "US"				9,16,8,20
25 "City Drive"		2,5,6,45
26 "South America"		39,45
27 "Titans"			30,31,32,33,34,48
28 "Old Muscle Cars"	13,15,16,17,18,51
29 "Tuners"			19,20,21,23,24,25,26
30 "Dirt Masters"		31,32,33,34,43,48
31 "Urban Sport"		19,22,23,24,26
32 "Drag Kings"		17,18,21
33 "Family Racers"		25,27
34 "Fast Turners"		2,7,25
35 "Urban Performance"	27,9,20,25
36 "Sport Racing"		2,8,7
37 "Sedans"			27,28
38 "Cabriolet"			4,8,10,13,46
39 "Performance Racing"	2,10,28
40 "Hummer Sportsbike"	1,2,5,31,32,33
41 "Super Racers"		1,2,3,37,45,39
42 "Sport"			1,2,4,10
43 "Ultra Racing"		5,6,11,47
44 "GT"				21,27,7
45 "Professional"		2,10,28,39
46 "Custom Bikes"		35,36,40,41
47 "Motocross"			43
48 "Motos"			35,36,37,45,39,40,41,43
49 "Sportsbike"		37,39,45
50 "Paris-Dakar"		6,8,23,26,27,28
51 "LeMans"			4,6,8,10,11,27,28,35,39
52 "Japan Made"		19,20,23,24,25,34,35,39
53 "UK Made"			5,7,22,36
54 "USA Made"			3,9,10,11,13,15,16,17,18,21,30,31,32,33,40,41
55 "Germany Made"		4,6,8,26,27,28
56 "Italy Made"		1,2,37,45,46,47,48,50,51
57 "Confederate"		41
[END]


// 				category 	(location,sens,type,param1,param2, param3, param4, param5)...
// pour le sens : 0=bon sens 1=reverse
// pour le traffic : 0=off 1=on
// pour la difficulté : 0 à 9, 0=facile 9=très difficile

[CHAMPIONSHIP]
		///////////////////////////
		//	TEST DRIVES		//
		///////////////////////////
0	"SLR Qualification"			1		0		13,0,1,2,0,0,3,0
1	"Hellcat Qualification"		57		0		15,0,1,2,0,0,3,0
		///////////////////////////
		//	STREET RACES		//
		///////////////////////////
2	"Traction Challenge"		2		1			13,0,1,2,1,0,7,1250			7,0,4,55,85,165,195,2000		13,1,3,2,1,0,7,1250
3	"SUPERMOTO DERBY"			47		1			12,0,4,20,40,100,179,2500	15,0,2,2,1,0,1250,2500		15,1,1,2,1,0,7,1750
4	"Low Torque"				14		1			8,0,3,2,1,0,7,2000			2,0,1,2,1,0,7,2000			1,0,4,113,145,125,162,4000
5	"Low Revs Fight"			10		2,3,4		2,1,3,2,1,0,7,2000			2,0,4,3,40,142,176,4000		8,1,1,2,1,0,7,2000
6	"Dirt Masters"				30		5			10,0,1,2,1,0,7,2250			3,0,3,2,1,0,7,2250			10,1,2,2,1,0,2000,4000
7	"Urban Sport Cars"			31		6			10,0,3,2,1,1,7,2500			3,1,1,2,1,1,7,2500			10,1,1,2,1,1,7,2500
		///////////////////////////
		//	CITY FIGHTS		//
		///////////////////////////
8	"Late Night Fight"			20		7			3,1,3,2,1,1,7,2750			14,1,1,2,1,1,7,2750			14,0,4,0,21,138,193,5000
9	"Nostalgia Lane"			28		7			15,1,1,2,1,1,7,2750			10,0,4,57,89,143,178,5500	15,0,3,2,1,1,7,2750
10	"Drag Kings"				32		7			10,1,2,2,1,1,2750,5500		10,0,1,2,1,1,7,2750			15,1,3,3,1,1,7,2750				
11	"Coastal Battle"			19		8,9,10		5,0,1,2,1,1,7,3000			3,0,4,47,68,130,178,3000		5,1,3,2,1,1,7,3000					
12	"Titans"					27		11			3,1,3,2,1,1,7,3000			5,0,2,2,1,1,2750,5500		3,0,1,2,1,1,7,3000				
13	"High Displacement Challenge"	13		12			8,0,1,2,1,1,7,3000			8,1,3,2,1,1,7,3000			13,1,4,72,102,159,214,6000						
14	"Custom Bikes Challenge"		46		13			5,0,3,2,1,2,7,3250			5,1,1,2,1,2,7,3250			13,0,1,2,1,2,7,3250						
		///////////////////////////
		//	SPEEDWAY KINGS		//
		///////////////////////////
15	"Under 300 HP"				16		14			5,0,2,2,1,2,3000,6000		8,1,1,3,1,2,7,3500			5,0,1,3,1,2,7,3500			8,1,4,36,92,150,208,7000		
16	"Low Displacement Challenge"	12		14			2,0,1,3,1,2,7,3500			2,1,3,3,1,2,7,3500			10,1,1,3,1,2,7,3500			10,0,2,2,1,2,4000,8000				
17	"Family Racers"			33		14			2,1,1,3,1,2,7,4000			10,1,4,87,119,150,210,8000	10,0,3,3,1,2,7,4000			10,1,1,3,1,2,7,4750			
18	"4X4 Competition"			4		15,16,17		8,0,1,3,1,2,7,4000			15,1,1,3,1,2,7,4000			8,1,2,2,1,2,4500,9000		15,0,3,3,1,2,7,4750			
19	"4L Pocket Rocket"			5		18			8,1,4,96,131,165,225,8000	8,0,1,3,1,2,7,4000			15,0,1,3,1,2,7,4000			15,1,3,3,1,2,7,4750				
20	"V6 Engine"				6		19			5,0,1,3,1,2,7,4000			8,0,2,2,1,2,4000,8000		8,1,3,3,1,2,7,4000			5,1,1,3,1,2,7,4750		
21	"300 to 500 HP"			17		20			3,1,1,3,1,3,7,4500			13,1,3,3,1,3,7,4500			13,0,1,3,1,3,7,5000			3,0,3,3,1,3,7,5500		
		///////////////////////////
		//	UNDERGROUND CUP	//
		///////////////////////////
22	"Two Wheelers"				48		21			10,0,1,3,1,3,7,4500			15,1,3,3,1,3,7,4500			15,0,1,3,1,3,7,4500			10,1,2,2,1,3,5000,10000		
23	"European Tour"			22		21			5,1,2,2,1,3,4500,9000		5,0,1,3,1,3,7,4500			8,0,1,3,1,3,7,4500			8,1,3,3,1,3,7,5500			
24	"Asian Invasion"			21		21			15,0,3,3,1,3,7,5000			3,0,1,3,1,3,7,5000			3,0,1,3,1,3,7,5000			15,0,4,56,96,162,203,12000			
25	"Tuners"					29		22,23,24		2,0,1,3,1,3,7,5000			13,0,4,116,153,150,248,10000	2,0,1,3,1,3,7,5000			13,1,3,3,1,3,7,6000				
26	"Urban Performance"			35		25			8,1,1,3,1,3,7,5250			8,0,1,3,1,3,7,5250			10,0,3,3,1,3,7,5250			10,1,2,2,1,3,5500,11000			
27	"High Revs Fight"			11		26			3,1,3,3,1,3,7,4750			3,0,1,3,1,3,7,4750			8,1,1,3,1,3,7,4750			8,1,4,36,64,150,226,11500
28	"Road Carvers"				34		27			15,0,3,3,1,4,7,5750			15,1,1,3,1,4,7,5750			13,0,1,3,1,4,7,6000			13,0,3,3,1,4,7,7000			
		///////////////////////////
		//	AMATEUR CUP		//
		///////////////////////////
29	"US Open"					24		28			8,1,1,3,1,4,7,5000			3,1,3,3,1,4,7,5000			8,0,1,3,1,4,7,5000			3,0,2,2,1,4,6000,12000		
30	"Sedans"					37		28			10,0,3,3,1,4,7,5500			2,0,4,30,64,170,210,10000	10,1,1,3,1,4,7,5500			2,1,3,3,1,4,7,6750				
31	"Sport"					42		28			13,0,1,3,1,4,7,5500			15,1,1,3,1,4,7,5500			15,0,2,2,1,4,6250,12500		13,1,3,3,1,4,7,6750			
32	"Sport Racing Cars"			36		29,30,31		9,0,3,3,1,4,7,5000			5,1,1,3,1,4,7,5000			9,1,2,2,1,4,5500,11000		5,0,3,3,1,4,7,6000				
33	"Sportsbike Competition"		49		32			15,1,1,3,1,4,7,5750			8,1,3,3,1,4,7,10000			15,0,1,3,1,4,7,5750			8,1,2,2,1,4,6500,13000				
34	"Topless Beauties"			38		33			2,1,1,3,1,5,7,6500			13,0,1,3,1,5,7,6500			13,1,3,3,1,5,7,6500			2,0,3,3,1,5,7,7000				
		///////////////////////////
		//	PROFESSIONAL SERIES	//
		///////////////////////////
35	"Professional Challenge"		45		34			9,0,1,3,1,5,7,6250			9,0,2,2,1,5,6000,12000		 3,1,3,3,1,5,7,6250			3,0,1,3,1,5,7,7750		
36	"GT Championship"			44		34			3,0,1,3,1,5,7,6500			 2,0,3,3,1,5,7,6500			3,1,2,2,1,5,7000,14000		2,1,1,3,1,5,7,8000		
37	"V8 Fever"				7		34			9,0,3,3,1,5,7,5750			8,0,1,3,1,5,7,5750			8,1,1,3,1,5,7,5750			9,0,2,2,1,5,7000,14000			
38	"V10 Rage"				8		35,36,37		2,0,1,3,1,5,7,5750			2,1,3,3,1,5,7,5750			10,0,2,2,1,5,7000,14000		10,1,1,3,1,5,7,7250		
39	"V12 Supremacy"			9		38			13,0,4,73,107,200,265,11500	3,1,1,3,1,5,7,5750			3,0,3,3,1,5,7,5750			13,1,1,3,1,5,7,7250				
40	"Super Racers"				41		39			9,0,1,3,1,5,7,5750			5,0,2,2,1,5,6000,12000		5,1,3,3,1,5,7,5750			9,0,1,3,1,5,7,7250		
41	"Paris-Dakar Winners"		50		40			15,1,1,3,1,6,7,6500			15,0,1,3,1,6,7,6500			8,0,3,3,1,6,7,6500			8,1,1,3,1,6,7,7000
		///////////////////////////
		//	HIGH PROFILE		//
		///////////////////////////
42	"Columbus Challenge"		26		41			15,0,1,3,1,6,7,6500			13,1,2,2,1,6,6500,13000		15,1,3,3,1,6,7,6500			13,1,1,3,1,6,7,8250			15,0,4,22,48,168,258,15000
43	"City Drive"				25		41			5,1,1,3,1,6,7,6500			5,0,3,3,1,6,7,6500			5,1,2,2,1,6,6500,13000		3,1,1,3,1,6,7,8250			3,0,3,3,1,6,7,8250
44	"Performance Racing Cars"	39		41			10,0,1,3,1,6,7,6250			8,1,1,3,1,6,7,6250			10,1,3,3,1,6,7,6250			8,0,1,3,1,6,7,8000			10,1,4,87,119,150,275,16500
45	"Propulsion Challenge"		3		42,43,44		2,1,3,3,1,6,7,6250			9,0,1,3,1,6,7,6250			2,0,2,2,1,6,7500,15000		9,0,3,3,1,6,7,8000			2,1,1,3,1,6,7,8000	
46	"LeMans Winners"			51		45			15,0,3,3,1,6,7,6750			10,1,1,3,1,6,7,6750			15,1,1,3,1,6,7,6750			10,0,4,58,89,150,218,17000	15,0,2,2,1,6,7500,15000		
47	"Beauty and the Beast"		40		46			5,0,4,20,40,150,246,13500	8,1,1,3,1,6,7,7250			5,1,1,3,1,6,7,7250			8,0,3,3,1,6,7,9000			8,1,2,2,1,6,8000,16000			
48	"High Torque"				15		47			13,0,3,3,1,7,7,7250			3,1,1,3,1,7,7,7250			13,1,1,3,1,7,7,7250			3,0,3,3,1,7,7,10000			13,0,3,3,1,7,7,11500
		///////////////////////////
		//	GRAND PRIX		//
		///////////////////////////
49	"Over 500 HP"				18		48			2,0,3,3,1,7,7,6750			10,1,2,2,1,7,6750,13500		2,1,1,3,1,7,7,6750			10,0,4,1,36,150,249,15000	2,0,1,3,1,7,7,6750
50	"Kaizen Evolution"			52		48			15,1,1,3,1,7,7,6750			13,1,4,52,92,150,220,12000	15,0,2,2,1,7,7000,14000		13,0,3,3,1,7,7,6750			15,1,1,3,1,7,7,6750		
51	"American Muscles"			54		48			9,0,3,3,1,7,7,6500			8,1,2,2,1,7,6500,13000		9,0,1,3,1,7,7,6500			8,0,1,3,1,7,7,6750			8,0,1,3,1,7,7,6750
52	"German Power"				55		49,50,51		10,1,1,3,1,7,7,6750			2,1,1,3,1,7,7,6750			10,0,3,3,1,7,7,6750			2,0,2,2,1,7,8500,17000		10,1,3,3,1,7,7,7000
53	"Gentleman Drivers"			53		52			13,0,1,3,1,7,7,7500			3,0,4,48,86,150,219,15000	13,1,1,3,1,7,7,7500			3,1,2,2,1,7,8500,17000		13,0,1,3,1,7,7,8750	
54	"Italian Affair"			56		53			15,1,1,3,1,8,7,8250			9,0,1,3,1,8,7,8250			15,0,3,3,1,8,7,8250			9,1,3,3,1,8,7,7500			15,1,1,3,1,8,7,8750	
		///////////////////////////
		//	WORLD RACING CUP	//
		///////////////////////////
55	"USA vs. Asia"				54,52	54			8,1,2,2,1,8,7500,15000		8,0,3,3,1,8,7,9250			13,0,1,3,1,8,7,9250			8,0,1,3,1,8,7,9250		8,1,3,3,1,8,7,10000
56	"USA vs. Germany"			54,55	54			15,1,4,46,78,150,275,15500	10,0,3,4,1,8,7,7750			15,1,1,4,1,8,7,7750			10,1,1,4,1,8,7,10000		15,0,2,2,1,8,9500,19000
57	"USA vs Italy"				54,56	54			5,1,1,4,1,8,7,7750			5,0,1,4,1,8,7,7750			3,0,3,4,1,8,7,7750			5,1,1,4,1,8,7,10000	3,1,4,51,85,150,201,20000	
58	"Germany vs UK"			55,53	55,56,57		2,0,1,4,1,8,7,8000			15,0,4,49,91,150,259,15500	15,1,1,4,1,8,7,8000			2,1,1,4,1,8,7,10250	2,0,3,4,1,8,7,10250	
59	"Asia vs Italy"			52,56	58			9,0,3,4,1,8,7,7750			10,1,1,4,1,8,7,7750			10,0,2,2,1,8,9000,18000		9,1,1,4,1,8,7,10000		10,1,3,4,1,8,7,10000		
60	"Italy vs UK"				56,53	59			15,1,3,4,1,8,7,8000			8,0,1,4,1,8,7,8000			15,0,1,4,1,8,7,8000			15,1,3,4,1,8,7,10250	8,1,2,2,1,8,10000,20000	
61	"Ultra Racing Cars"			43		60			3,1,1,4,1,8,7,8000			3,0,3,4,1,8,7,8000			10,0,1,4,1,8,7,8000			3,1,3,4,1,8,7,20000	10,1,1,4,1,8,7,10250	
[END]

[CHAMPIONSHIPGROUP]
//ID   //NAME (just fore reference)   // CHAMPIONSHIP IDS   // NOTE: Actual names are stored in the localization table starting with TXT_CHAMPIONSHIPGROUP1
1	"Test Drives"				0,1			
2	"Street Races"				2,3,4,5,6,7
3	"City Fights"				8,9,10,11,12,13,14
4	"Speedway King"			15,16,17,18,19,20,21
5	"Underground Master Series"	22,23,24,25,26,27,28
6	"Amateur Cup"				29,30,31,32,33,34
7	"Professional Series"		35,36,37,38,39,40,41
8	"High Profile Championship"	42,43,44,45,46,47,48
9	"Grand Prix"				49,50,51,52,53,54
10	"World Racing Cup"			55,56,57,58,59,60,61
[END]


// name | available cars | 3x race : location, sens
[CHAMPIONSHIP_MULTI]
0	"Hummer Faceoff"		31,32,33			13,0		7,0		10,0
1	"Nissan vs Infiniti"	19,20,24,34		12,0		11,0		14,1
2	"Old and New"			13,17,9,21		15,1		13,1		1,0
3	"Mercedes Challenge"	4,6,8,27,28		11,0		10,1		12,1
4	"Saleen vs Kawasaki"	3,21,35,39		14,0		6,0		15,1
5	"American Derby"		15,18,30,41		13,1		7,1		2,0
6	"Roadsters Challenge"	9,10,13,46		11,0		13,0		3,0
7	"V12 Challenge"		1,5,8,46,47		15,0		5,1		12,0
8	"Bikes Faceoff"		37,39,45			12,0		2,1		15,0
9	"Viper vs Lamborghini"	2,47,10,11		14,0		15,1		12,0
[END]

[REWARDS]
		///////////////////////////
		//	TEST DRIVES		//
		///////////////////////////
0	0,43,0		0,0,0		0,0,0		0,0,0
1	0,23,0		0,0,0		0,0,0		0,0,0
		///////////////////////////
		//	STREET RACES		//
		///////////////////////////
2	10000,0,0		5000,0,0		2500,0,0		0,0,0			
3	10000,0,0		5000,0,0		2500,0,0		0,0,0			
4	5000,34,0		5000,0,0		2500,0,0		0,0,0			
5	10000,0,0		5000,0,0		2500,0,0		0,0,0			
6	10000,0,0		5000,0,0		2500,0,0		0,0,0			
7	10000,17,0	5000,0,0		2500,0,0		0,0,0			
		///////////////////////////
		//	CITY FIGHTS		//
		///////////////////////////
8	15000,0,0		7500,0,0		3750,0,0		0,0,0
9	15000,0,0		7500,0,0		3750,0,0		0,0,0			
10	15000,0,0		7500,0,0		3750,0,0		0,0,0			
11	7500,35,0		7500,0,0		3750,0,0		0,0,0			
12	15000,0,0		7500,0,0		3750,0,0		0,0,0			
13	15000,0,0		7500,0,0		3750,0,0		0,0,0			
14	15000,25,0	7500,0,0		3750,0,0		0,0,0			
		///////////////////////////
		//	SPEEDWAY KINGS		//
		///////////////////////////
15	20000,0,0		10000,0,0		5000,0,0		0,0,0			
16	20000,0,0		10000,0,0		5000,0,0		0,0,0			
17	20000,0,0		10000,0,0		5000,0,0		0,0,0			
18	20000,0,1		10000,0,0		5000,0,0		0,0,0
19	20000,0,0		10000,0,0		5000,0,0		0,0,0
20	20000,0,0		10000,0,0		5000,0,0		0,0,0
21	20000,36,0	10000,0,0		5000,0,0		0,0,0			
		///////////////////////////
		//	UNDERGROUND CUP	//
		///////////////////////////
22	25000,0,0		12500,0,0		6250,0,0		0,0,0			
23	25000,0,0		12500,0,0		6250,0,0		0,0,0			
24	25000,0,0		12500,0,0		6250,0,0		0,0,0			
25	25000,0,2		12500,0,0		6250,0,0		0,0,0			
26	25000,0,0		12500,0,0		6250,0,0		0,0,0			
27	25000,0,0		12500,0,0		6250,0,0		0,0,0			
28	25000,45,0	12500,0,0		6250,0,0		0,0,0			
		///////////////////////////
		//	AMATEUR CUP		//
		///////////////////////////
29	30000,0,0		15000,0,0		7500,0,0		0,0,0
30	30000,0,0		15000,0,0		7500,0,0		0,0,0
31	30000,0,0		15000,0,0		7500,0,0		0,0,0
32	30000,0,3		15000,0,0		7500,0,0		0,0,0
33	30000,0,0		15000,0,0		7500,0,0		0,0,0
34	30000,0,0		15000,0,0		7500,0,0		0,0,0
		///////////////////////////
		//	PROFESSIONAL SERIES	//
		///////////////////////////
35	35000,0,0		17500,0,0		8750,0,0		0,0,0
36	35000,0,0		17500,0,0		8750,0,0		0,0,0
37	35000,0,0		17500,0,0		8750,0,0		0,0,0
38	35000,0,4		17500,0,0		8750,0,0		0,0,0
39	35000,0,0		17500,0,0		8750,0,0		0,0,0
40	35000,0,0		17500,0,0		8750,0,0		0,0,0
41	35000,2,0		17500,0,0		8750,0,0		0,0,0
		///////////////////////////
		//	HIGH PROFILE		//
		///////////////////////////
42	40000,0,0		20000,0,0		10000,0,0		0,0,0
43	40000,0,0		20000,0,0		10000,0,0		0,0,0
44	40000,0,0		20000,0,0		10000,0,0		0,0,0
45	40000,0,5		20000,0,0		10000,0,0		0,0,0
46	40000,0,0		20000,0,0		10000,0,0		0,0,0
47	40000,0,0		20000,0,0		10000,0,0		0,0,0
48	40000,10,0	20000,0,0		10000,0,0		0,0,0
		///////////////////////////
		//	GRAND PRIX		//
		///////////////////////////
49	45000,0,0		22500,0,0		11250,0,0		0,0,0
50	45000,0,0		22500,0,0		11250,0,0		0,0,0
51	45000,0,0		22500,0,0		11250,0,0		0,0,0
52	45000,0,6		22500,0,0		11250,0,0		0,0,0
53	45000,0,0		22500,0,0		11250,0,0		0,0,0
54	45000,3,0		22500,0,0		11250,0,0		0,0,0
		///////////////////////////
		//	WORLD RACING CUP	//
		///////////////////////////	
55	50000,0,0		25000,0,0		12500,0,0		0,0,0
56	50000,0,0		25000,0,0		12500,0,0		0,0,0	
57	50000,0,0		25000,0,0		12500,0,0		0,0,0
58	50000,0,0		25000,0,0		12500,0,0		0,0,0
59	50000,0,0		25000,0,0		12500,0,0		0,0,0
60	50000,0,0		25000,0,0		12500,0,0		0,0,0
61	50000,0,0		25000,0,0		12500,0,0		0,0,0
[END]
